          stress policy                                    joint_incremental_value_MEUR                                         client_incremental_MEUR                                             bilfinger_net_MEUR  mean_availability  p_any_event  final_health  final_debt  cost_first12_MEUR  cost_last12_MEUR  p_joint_negative
            none     P0                                                 [0.0, 0.0, 0.0]                                                 [0.0, 0.0, 0.0]                                                [0.0, 0.0, 0.0]           0.866793       0.1570      0.704535    0.331019           2.755100          3.586196            0.0000
            none     P1 [-23.450083101998942, -29.952746173241014, -14.826094570529573]    [-29.52820854355576, -36.10731702875885, -20.50262889056599]      [6.078125441556809, 5.687827964886338, 6.228920187391979]           0.752599       0.5715      0.379218    4.222413           1.789121          3.074047            1.0000
            none     P2      [2.595104648529649, -3.468676619731411, 7.705852371109025]    [1.6387005339782545, -4.3197341995969865, 7.615280259282038]   [0.9564041145513933, -0.8172458141728405, 2.663030551070828]           0.905976       0.0400      0.902008    0.001279           4.448348          3.618090            0.2880
     latent_debt     P0                                                 [0.0, 0.0, 0.0]                                                 [0.0, 0.0, 0.0]                                                [0.0, 0.0, 0.0]           0.865765       0.4675      0.704535    0.331019           2.755100          3.586196            0.0000
     latent_debt     P1   [-26.468679321887322, -34.12206248595476, -17.46490078849683]  [-32.54669748930901, -40.329263061738054, -23.188980916910438]     [6.0780181674216855, 5.687827964886338, 6.228920187391979]           0.747682       0.9085      0.379218    4.222413           1.789121          3.074047            1.0000
     latent_debt     P2      [3.271541997241021, -2.968968664464266, 8.912426382081494]    [2.2408039715146812, -3.7836143112234355, 8.434846568974187]  [1.0307380257263379, -0.7343038361979194, 2.7439355150770655]           0.905768       0.1345      0.902008    0.001279           4.448348          3.618090            0.2670
     capex_delay     P0                                                 [0.0, 0.0, 0.0]                                                 [0.0, 0.0, 0.0]                                                [0.0, 0.0, 0.0]           0.863908       0.1610      0.678204    0.381520           2.755100          3.635188            0.0000
     capex_delay     P1   [-23.8510745277006, -30.300177128775147, -15.251454437446876]  [-29.92867596356455, -36.476022933125414, -21.201159119729198]      [6.077601435863941, 5.687827964886338, 6.228920187391979]           0.744099       0.5855      0.321165    4.806813           1.789121          4.012717            1.0000
     capex_delay     P2     [2.5555835824522077, -3.468676619731411, 8.015945827447785]     [1.4737663942440058, -4.348290327246749, 7.146177359879167]   [1.0818171882082004, -0.5379276224617646, 2.705541062857493]           0.904866       0.0405      0.899802    0.001426           4.448348          3.607832            0.2935
 skills_shortage     P0                                                 [0.0, 0.0, 0.0]                                                 [0.0, 0.0, 0.0]                                                [0.0, 0.0, 0.0]           0.847614       0.2145      0.594911    0.931282           2.755100          4.722528            0.0000
 skills_shortage     P1  [-20.101739530955413, -26.62671194956087, -13.278281751191715]    [-26.198757103870122, -32.79719790096742, -19.3208173209197]       [6.097017572914705, 5.70711152790561, 6.228920187391979]           0.746689       0.6145      0.334841    5.191021           1.789121          3.309795            1.0000
 skills_shortage     P2    [3.5016429691082296, -1.8394744435589716, 8.398347933717176]     [3.3658307933964053, -2.335040505173686, 8.697843022483626] [0.13581217571182366, -1.6448589374602716, 1.5299463849118464]           0.890800       0.0460      0.838033    0.046621           4.448348          4.852838            0.1915
       poor_data     P0                                                 [0.0, 0.0, 0.0]                                                 [0.0, 0.0, 0.0]                                                [0.0, 0.0, 0.0]           0.866793       0.1570      0.704535    0.331019           2.755100          3.586196            0.0000
       poor_data     P1 [-23.450083101998942, -29.952746173241014, -14.826094570529573]  [-29.55463880017324, -36.126850167694954, -20.526303569554507]       [6.104555698174296, 5.71184019529299, 6.251954046357114]           0.752599       0.5715      0.379218    4.222413           1.789121          3.074047            1.0000
       poor_data     P2      [2.595104648529649, -3.468676619731411, 7.705852371109025]     [1.5690629562567395, -4.397551787535849, 7.560590136251489]  [1.0260416922729079, -0.7484221666519206, 2.7251709770770094]           0.905976       0.0400      0.902008    0.001279           4.448348          3.618090            0.2880
    demand_shock     P0                                                 [0.0, 0.0, 0.0]                                                 [0.0, 0.0, 0.0]                                                [0.0, 0.0, 0.0]           0.866793       0.1570      0.704535    0.331019           2.755100          3.586196            0.0000
    demand_shock     P1   [-17.90047971687043, -22.98258716382424, -11.634313333243817]  [-23.978605158427243, -29.16854718561755, -17.446247682940637]      [6.078125441556809, 5.687827964886338, 6.228920187391979]           0.752599       0.5715      0.379218    4.222413           1.789121          3.074047            1.0000
    demand_shock     P2    [0.6535993362524342, -3.7145205776463195, 4.765428313906571]    [-0.3028047782989612, -4.573971542522723, 4.710169184282267]   [0.9564041145513933, -0.8172458141728405, 2.663030551070828]           0.905976       0.0400      0.902008    0.001279           4.448348          3.618090            0.4035
transition_delay     P0                                                 [0.0, 0.0, 0.0]                                                 [0.0, 0.0, 0.0]                                                [0.0, 0.0, 0.0]           0.866793       0.1570      0.704535    0.331019           2.755100          3.586196            0.0000
transition_delay     P1     [-26.79634570150777, -33.30369006667119, -19.8269031262306]    [-32.99510242454461, -39.52493658132447, -26.02287020741326]       [6.19875672303683, 6.155138005819982, 6.262356399526851]           0.738997       0.6150      0.359961    4.606276           1.762292          2.830884            1.0000
transition_delay     P2    [-0.8468283869143767, -5.752772188554632, 4.174909711300399]   [-0.22828773632986163, -4.993284046634799, 4.088147223335496] [-0.6185406505845173, -3.3135087081613754, 1.5157468529945233]           0.896720       0.0545      0.905007    0.002283           4.791288          3.543284            0.5850
      kpi_gaming     P0                                                 [0.0, 0.0, 0.0]                                                 [0.0, 0.0, 0.0]                                                [0.0, 0.0, 0.0]           0.866793       0.1570      0.704535    0.331019           2.755100          3.586196            0.0000
      kpi_gaming     P1 [-23.450083101998942, -29.952746173241014, -14.826094570529573] [-29.592828794469824, -36.152269805606785, -20.556355138992863]      [6.142745692470881, 5.760701309134662, 6.276536877812761]           0.752599       0.5715      0.379218    4.222413           1.789121          3.074047            1.0000
      kpi_gaming     P2      [2.595104648529649, -3.468676619731411, 7.705852371109025]    [1.6387005339782545, -4.3197341995969865, 7.615280259282038]   [0.9564041145513933, -0.8172458141728405, 2.663030551070828]           0.905976       0.0400      0.902008    0.001279           4.448348          3.618090            0.2880
 end_of_contract     P0                                                 [0.0, 0.0, 0.0]                                                 [0.0, 0.0, 0.0]                                                [0.0, 0.0, 0.0]           0.866793       0.1570      0.704535    0.331019           2.755100          3.586196            0.0000
 end_of_contract     P1  [-23.378034417724745, -29.901800833366664, -14.80669704106417]  [-29.746925983992288, -36.33633213718177, -20.805811775107866]     [6.368891566267534, 5.968880413537815, 6.5099726360434556]           0.751433       0.5725      0.343306    4.426050           1.789121          2.664000            1.0000
 end_of_contract     P2      [2.595104648529649, -3.468676619731411, 7.705852371109025]    [1.6387005339782545, -4.3197341995969865, 7.615280259282038]   [0.9564041145513933, -0.8172458141728405, 2.663030551070828]           0.905976       0.0400      0.902008    0.001279           4.448348          3.618090            0.2880

Pre-registered synthetic checks:
  [OK] P1 shows early cost saving vs P0 (first 12 months)
  [OK] P1 ends with higher latent debt than P0
  [OK] P2 joint incremental value mean > 0
  [FAIL] P2 joint value p10 > 0 (robustness)
  [OK] fee redistributes only: client_inc + bilfinger_net == joint (P2, exact identity)
  [OK] KPI gaming detectable: reported − true availability > 3σ_noise
written results/bilfinger_mc_summary.csv, results/bilfinger_prototype_meta.json, results/bilfinger_mean_paths.png
